// Generated by CoffeeScript 1.3.3
(function() {
  var Matrix;

  Matrix = (function() {

    function Matrix() {}

    Matrix.prototype.parse = function() {
      debugger;
    };

    Matrix.prototype.draw = function(data) {
      var table;
      this.data = data;
      this.parse();
      jQuery("table.matrix").remove();
      jQuery("div#browser_update_notice").remove();
      table = d3.select("#bar-chart-target").append("table").classed("matrix", true);
      table.append("tr").html(function(data) {
        this.data = data;
        debugger;
      });
      return table.selectAll("tr.ach").data(this.data).enter().append("tr").attr("id", function(d, i) {
        return "bar_rect_" + i;
      }).classed("town_datum", function(d, i) {
        return !Boolean(i % 2);
      }).classed("state_datum", function(d, i) {
        return Boolean(i % 2);
      }).html(function(d) {
        return "<td>" + d.label + "</td><td>" + d.current + "</td>";
      });
    };

    return Matrix;

  })();

  window.matrix = Matrix;

  window.chart_data = JSON.parse("[\n[0,1012, 1967, 2918, 1684, 1016, 1744, 973, 2318],\n[1012, 0, 1192, 1688, 1000, 603, 1128, 526, 1338],\n[1967, 1192, 0, 3374, 1984, 1183, 2053, 1143, 2671],\n[2918, 1688, 3374, 0, 2744, 1726, 3043, 1633, 3914],\n[1684, 1000, 1984, 2744, 0, 983, 1674, 949, 2131],\n[1016, 603, 1183, 1726, 983, 0, 1023, 577, 1336],\n[1744, 1128, 2053, 3043, 1674, 1023, 0, 978, 2332],\n[973, 526, 1143, 1633, 949, 577, 978, 0, 1254]\n] ");

}).call(this);
